2
1,2,3,4,7,8,9,10,13,14,15,16,19,20,21,22
4,5,6,1,10,11,12,7,16,17,18,13,22,23,24,19
24
 0, 2,-2, 0.000000, -0.707107, -0.707107, 0, 0
 3, 2,-1, 0.425257, -0.824518, -0.373264, 0.3333, 0
 3, 2, 1, 0.425257, -0.824518, 0.373264, 0.6666, 0
 0, 2, 2, 0.000000, -0.707107, 0.707107, 1, 0
-3, 2, 1, -0.425257, -0.824518, 0.373264, 0.3333, 0
-3, 2,-1, -0.425257, -0.824518, -0.373264, 0.6666, 0
 0, 1,-1, 0.000000, -0.387585, -0.921834, 0, 0.3333
 1.5, 1,-0.5, 0.684973, -0.495806, -0.533843, 0.3333, 0.3333
 1.5, 1, 0.5, 0.684973, -0.495806, 0.533843, 0.6666, 0.3333
 0, 1, 1, 0.000000, -0.387585, 0.921834, 1, 0.3333
-1.5, 1, 0.5, -0.684973, -0.495806, 0.533843, 0.3333, 0.3333
-1.5, 1,-0.5, -0.684973, -0.495806, -0.533843, 0.6666, 0.3333
 0,-1,-1, 0.000000, 0.387585, -0.921834, 0, 0.6666
 1.5,-1,-0.5, 0.684973, 0.495806, -0.533843, 0.3333, 0.6666
 1.5,-1, 0.5, 0.684973, 0.495806, 0.533843, 0.6666, 0.6666
 0,-1, 1, 0.000000, 0.387585, 0.921834, 1, 0.6666
-1.5,-1, 0.5, -0.684973, 0.495806, 0.533843, 0.3333, 0.6666
-1.5,-1,-0.5, -0.684973, 0.495806, -0.533843, 0.6666, 0.6666
 0,-2,-2, 0.000000, 0.707107, -0.707107, 0, 1
 3,-2,-1, 0.425257, 0.824518, -0.373264, 0.3333, 1
 3,-2, 1, 0.425257, 0.824518, 0.373264, 0.6666, 1
 0,-2, 2, 0.000000, 0.707107, 0.707107, 1, 1
-3,-2, 1, -0.425257, 0.824518, 0.373264, 0.3333, 1
-3,-2,-1, -0.425257, 0.824518, -0.373264, 0.6666, 1
